i'm in
0,0,0,1 ; 0,1,1,1 ; 0.5,0.5,0.3,0.1 ; 1.0,1.0,0.0,0.3
*p: 0
p: 0,0,0,1 ; 0,1,1,1 ; 0.5,0.5,0.3,0.1 ; 1.0,1.0,0.0,0.3
*p: 0
p: 0,0,1 ; 0,1,1,1 ; 0.5,0.5,0.3,0.1 ; 1.0,1.0,0.0,0.3
*p: 0
p: 0,1 ; 0,1,1,1 ; 0.5,0.5,0.3,0.1 ; 1.0,1.0,0.0,0.3
*p: 1
p: 1 ; 0,1,1,1 ; 0.5,0.5,0.3,0.1 ; 1.0,1.0,0.0,0.3
*p: 0
p: 0,1,1,1 ; 0.5,0.5,0.3,0.1 ; 1.0,1.0,0.0,0.3
*p: 1
p: 1,1,1 ; 0.5,0.5,0.3,0.1 ; 1.0,1.0,0.0,0.3
*p: 1
p: 1,1 ; 0.5,0.5,0.3,0.1 ; 1.0,1.0,0.0,0.3
*p: 1
p: 1 ; 0.5,0.5,0.3,0.1 ; 1.0,1.0,0.0,0.3
*p: 0
p: 0.5,0.5,0.3,0.1 ; 1.0,1.0,0.0,0.3
*p: 0
p: 0.5,0.3,0.1 ; 1.0,1.0,0.0,0.3
*p: 0
p: 0.3,0.1 ; 1.0,1.0,0.0,0.3
*p: 0
p: 0.1 ; 1.0,1.0,0.0,0.3
*p: 1
p: 1.0,1.0,0.0,0.3
*p: 1
p: 1.0,0.0,0.3
*p: 0
p: 0.0,0.3
*p: 0
p: 0.3
[0.00, 0.00, 0.50, 1.00]
[0.00, 1.00, 0.50, 1.00]
[0.00, 1.00, 0.30, 0.00]
[1.00, 1.00, 0.10, 0.30]
